1 0.32717391304347826 0.552599388379205 0.6543478260869565 0.6028542303771661
1 0.477445652173913 0.5201732925586137 0.40597826086956523 0.5665443425076452
1 0.678804347826087 0.46877675840978594 0.3467391304347826 0.5453007135575944
1 0.8777173913043478 0.7091946992864424 0.24456521739130435 0.39411824668705403
1 0.8065217391304348 0.17078491335372067 0.2217391304347826 0.21434250764525994
1 0.9334239130434783 0.16385321100917433 0.1331521739130435 0.22494393476044852
1 0.6130434782608696 0.15303771661569826 0.20434782608695654 0.20740061162079512
1 0.4578804347826087 0.14957186544342507 0.17119565217391305 0.1882262996941896
1 0.297554347826087 0.16976554536187563 0.1875 0.2327013251783894
1 0.12771739130434784 0.18464831804281345 0.20108695652173914 0.2094597349643221
