1 0.6735114503816794 0.7791145833333334 0.22927480916030535 0.15494791666666666
1 0.6289694656488549 0.87125 0.21374045801526717 0.17921874999999998
1 0.6894656488549618 0.7015104166666667 0.18209923664122138 0.13744791666666667
1 0.7373282442748091 0.6555729166666667 0.1714885496183206 0.13109375
1 0.756526717557252 0.5820833333333334 0.16358778625954198 0.09942708333333333
1 0.7805343511450382 0.5452083333333334 0.16793893129770993 0.09270833333333334
1 0.8105343511450382 0.44140625 0.1297709923664122 0.10083333333333333
1 0.8306870229007633 0.3928125 0.13740458015267176 0.05203125
1 0.523854961832061 0.6352604166666667 0.1316793893129771 0.07932291666666667
1 0.663854961832061 0.34932291666666665 0.10904580152671756 0.07656249999999999
1 0.7476717557251907 0.23265625 0.09404580152671756 0.07760416666666667
