3 0.0609375 0.69609375 0.121875 0.4171875
3 0.20390625 0.1359375 0.2640625 0.271875
3 0.08828125 0.3328125 0.1765625 0.434375
3 0.38828125 0.1765625 0.3046875 0.353125
3 0.5546875 0.1859375 0.25625 0.371875
3 0.71171875 0.21640625 0.2828125 0.3890625
3 0.85078125 0.2453125 0.28125 0.3828125
3 0.92265625 0.28359375 0.1546875 0.3953125
3 0.1828125 0.41796875 0.315625 0.525
3 0.35859375 0.45859375 0.3015625 0.5296875
3 0.5140625 0.48515625 0.2984375 0.496875
3 0.66484375 0.5390625 0.2875 0.5171875
3 0.81796875 0.54375 0.30625 0.490625
3 0.91015625 0.578125 0.1796875 0.496875
3 0.16015625 0.73125 0.2734375 0.4296875
3 0.3203125 0.75625 0.2859375 0.453125
3 0.4765625 0.78984375 0.271875 0.4203125
3 0.628125 0.7953125 0.31875 0.409375
3 0.78046875 0.82109375 0.3015625 0.3578125
