3 0.06328125 0.803125 0.1265625 0.39375
3 0.1203125 0.16328125 0.171875 0.3265625
3 0.03984375 0.43359375 0.0796875 0.41875
3 0.31328125 0.1796875 0.190625 0.359375
3 0.48203125 0.1765625 0.178125 0.353125
3 0.64296875 0.17265625 0.1734375 0.3453125
3 0.78515625 0.17109375 0.178125 0.334375
3 0.92265625 0.1796875 0.1546875 0.359375
3 0.17265625 0.49140625 0.203125 0.4875
3 0.353125 0.49140625 0.16875 0.4921875
3 0.51015625 0.4828125 0.165625 0.4546875
3 0.66953125 0.50078125 0.1578125 0.484375
3 0.81953125 0.47109375 0.1609375 0.44375
3 0.953125 0.4796875 0.09375 0.4796875
3 0.221875 0.80390625 0.165625 0.3921875
3 0.38359375 0.79140625 0.1859375 0.4171875
3 0.5453125 0.7984375 0.16875 0.403125
3 0.6984375 0.79140625 0.184375 0.4171875
3 0.8578125 0.7984375 0.175 0.403125
