3 0.0671875 0.73046875 0.134375 0.4171875
3 0.1765625 0.1453125 0.25625 0.290625
3 0.071875 0.3625 0.14375 0.43125
3 0.36484375 0.17421875 0.2546875 0.3484375
3 0.53125 0.18359375 0.240625 0.3671875
3 0.69140625 0.20078125 0.2453125 0.375
3 0.8328125 0.21953125 0.2359375 0.3625
3 0.92890625 0.25 0.1421875 0.38125
3 0.178125 0.440625 0.3265625 0.5359375
3 0.35625 0.46875 0.290625 0.5296875
3 0.5125 0.484375 0.271875 0.490625
3 0.6671875 0.52734375 0.24375 0.50625
3 0.8203125 0.52109375 0.2390625 0.46875
3 0.925 0.5484375 0.15 0.49375
3 0.17734375 0.75234375 0.2703125 0.428125
3 0.33984375 0.76640625 0.284375 0.453125
3 0.496875 0.79140625 0.25625 0.4171875
3 0.65078125 0.79453125 0.2828125 0.4109375
3 0.80625 0.81328125 0.28125 0.3734375
