2 0.5495967741935484 0.47206303724928367 0.14516129032258066 0.7893982808022922
2 0.3487903225806452 0.6060171919770774 0.1693548387096774 0.7707736389684814
2 0.1620967741935484 0.7306590257879656 0.16693548387096774 0.5401146131805158
2 0.7435483870967742 0.6232091690544412 0.17419354838709677 0.7550143266475645
2 0.9330645161290323 0.7399713467048711 0.1338709677419355 0.5200573065902578
2 0.9310483870967742 0.20630372492836677 0.13790322580645162 0.41260744985673353
2 0.7286290322580645 0.07593123209169055 0.1685483870967742 0.1518624641833811
2 0.3556451612903226 0.06876790830945559 0.15 0.13753581661891118
2 0.16491935483870968 0.2020057306590258 0.16451612903225807 0.4040114613180516
2 0.028225806451612902 0.4469914040114613 0.056451612903225805 0.7893982808022922
