0 0.540625 0.57578125 0.17734375 0.628125 0.52000732421875 0.3676912095811632 2 0.5311642964680989 0.3558417426215278 2 0.5154292106628418 0.34925910101996527 2 0.5517016092936198 0.3376825403284143 2 0 0 0 0.573483912150065 0.3692192360206886 2 0.4993013381958008 0.3620259602864583 2 0.6163033803304037 0.47537146674262154 2 0.48103675842285154 0.4608567131890191 2 0.5626644134521485 0.497339262785735 2 0.48000288009643555 0.4731725622106481 2 0.5602408091227213 0.5554764359085648 2 0.5111663818359375 0.5464662905092592 2 0.5409496307373047 0.6254687839084201 2 0.47267894744873046 0.6180125483760127 2 0.5603339513142903 0.8016612865306711 2 0.4712625503540039 0.800592945240162 2
1 0.8734375 0.56328125 0.253125 0.8515625 0.7706689198811849 0.4231786657262731 2 0.7887129465738931 0.3597294277615017 2 0 0 0 0.8823858896891276 0.3335757785373264 2 0 0 0 0.880448277791341 0.5631223325376158 2 0.969677734375 0.5367900707103588 2 0 0 0 0 0 0 0 0 0 0 0 0 0 0 0 0 0 0 0 0 0 0 0 0 0 0 0 0 0 0
1 0.2046875 0.68515625 0.4078125 0.60703125 0.358323860168457 0.5734915839301216 2 0 0 0 0.33709398905436194 0.5414238258644386 2 0 0 0 0.2688849449157715 0.62601239239728 2 0.06975228786468506 0.8115900675455728 2 0.32244434356689455 0.9235441419813368 2 0 0 0 0 0 0 0 0 0 0 0 0 0 0 0 0 0 0 0 0 0 0 0 0 0 0 0 0 0 0
0 0.40625 0.4546875 0.11796875 0.39609375 0.3962813059488932 0.32804859302662037 2 0.4016407012939453 0.3172471788194444 2 0.393133799235026 0.31894005669487846 2 0.41770086288452146 0.30053597909432866 2 0 0 0 0.4442906061808268 0.3254001193576389 2 0.3875399589538574 0.3258528815375434 2 0.45711790720621737 0.3903992546929253 2 0.3718163172403971 0.37374784681532114 2 0.42209568023681643 0.39712671350549766 2 0.36411431630452473 0.3799290127224392 2 0.4392683982849121 0.4418711344401041 2 0.40052270889282227 0.4389263576931423 2 0.4453845977783203 0.4917224460177951 2 0.3864590962727864 0.48522169325086806 2 0.4459105809529622 0.6024760493525753 2 0.39616476694742836 0.5959917986834491 2
0 0.15546875 0.4203125 0.10234375 0.39453125 0.15407145818074544 0.28324556703920717 2 0.1603076140085856 0.27197412561487266 2 0.15029869079589844 0.27418512415002894 2 0.175030517578125 0.27017426667390043 2 0 0 0 0.18943227132161458 0.3087623878761574 2 0.14605100949605304 0.3124114425094039 2 0.1955955187479655 0.37851483380353007 2 0.13279188474019368 0.36987225567853005 2 0.16670565605163573 0.38694610595703127 2 0.123901629447937 0.36879843252676503 2 0.18255529403686524 0.41449460630063656 2 0.15338023503621417 0.41218532986111106 2 0.1684153874715169 0.4634537590874566 2 0.13360503514607747 0.4597986291956018 2 0.17067874272664388 0.5768700493706598 2 0.1426811377207438 0.5742715341073495 2
1 0.86875 0.44609375 0.2 0.21796875 0.7686225891113281 0.424740148473669 2 0.7888097127278646 0.3597903781467014 2 0 0 0 0.8841219584147135 0.3368475172254774 2 0 0 0 0.8742792129516601 0.555007086859809 2 0.9690062204996744 0.5343120998806423 2 0 0 0 0 0 0 0 0 0 0 0 0 0 0 0 0 0 0 0 0 0 0 0 0 0 0 0 0 0 0
1 0.54375 0.56953125 0.14609375 0.45625 0.5218496322631836 0.37153065999348955 2 0.5328338623046875 0.3605530632866753 2 0.5173516591389974 0.3538864983452691 2 0.5532895406087239 0.34115439520941837 2 0 0 0 0.5748523712158203 0.3700634426540798 2 0.4997098922729492 0.36193598994502313 2 0.6170848846435547 0.48020968967013883 2 0.48056818644205723 0.4618354797363281 2 0.562098757425944 0.5001594260886864 2 0.48098173141479494 0.47287168149594905 2 0.5613691329956054 0.5549150820131655 2 0.511695671081543 0.5459613941333912 2 0.5409833908081054 0.6252045242874711 2 0.47173328399658204 0.619515539098669 2 0.5615893046061198 0.7947657267252604 2 0.47070837020874023 0.7976748996310763 2
1 0.20703125 0.74296875 0.2890625 0.38828125 0.35146198272705076 0.5829900670934606 2 0 0 0 0.32703812917073566 0.5486952039930555 2 0 0 0 0.24977340698242187 0.6270523636429398 2 0.062094712257385255 0.8171846742983216 2 0.3061184883117676 0.9370628074363425 2 0 0 0 0 0 0 0 0 0 0 0 0 0 0 0 0 0 0 0 0 0 0 0 0 0 0 0 0 0 0
1 0.4109375 0.45234375 0.0921875 0.3015625 0.3961504936218262 0.33053001121238423 2 0.40158856709798174 0.31971119068287035 2 0.3931954065958659 0.3212340460883246 2 0.4180201530456543 0.30156357376663767 2 0 0 0 0.4447605133056641 0.3245847913953993 2 0.38787447611490883 0.3248767994068287 2 0.45740591684977205 0.3913490577980324 2 0.37278092702229815 0.3744205050998264 2 0.4217053095499674 0.39797289813006365 2 0.36502838134765625 0.3800520720305266 2 0.43996896743774416 0.4424665097837095 2 0.4010211944580078 0.43962063259548606 2 0.44683446884155276 0.4907725016276041 2 0.38715051015218094 0.4850251374421296 2 0.4476640701293945 0.6027569806134259 2 0.39740206400553385 0.5979197749385128 2
1 0.16953125 0.3453125 0.0625 0.14140625 0.15347038904825844 0.2875537731029369 2 0.15859821637471516 0.278079280146846 2 0.15057296752929689 0.278933772334346 2 0.17245132128397622 0.27487052634910303 2 0 0 0 0.19097677866617838 0.3112691526059751 2 0.14507660865783692 0.31164053457754626 2 0.20056660970052081 0.3751211660879629 2 0.13781523704528809 0.3701788160536024 2 0.17940045992533366 0.37461400915075227 2 0.14084229469299317 0.36938315497504337 2 0.18491166432698566 0.4159266153971354 2 0.15393778483072915 0.41309212578667537 2 0 0 0 0 0 0 0 0 0 0 0 0
1 0.16015625 0.425 0.06953125 0.30234375 0.15234430631001789 0.2869661966959635 2 0.158379856745402 0.2757322523328993 2 0.14859625498453774 0.2781267236780237 2 0.17358786265055337 0.27343735871491603 2 0 0 0 0.188980770111084 0.3117240058051215 2 0.14525456428527833 0.31484007658781826 2 0.19503345489501953 0.3792327315719039 2 0.13177684148152669 0.36962591100622105 2 0.16811483701070148 0.3880621168348524 2 0.12514615058898926 0.37052973994502314 2 0.1799684524536133 0.42019034491644963 2 0.15067189534505207 0.41732355753580724 2 0.16764659881591798 0.4668397691514756 2 0.13366481463114419 0.4624532063802083 2 0.16726935704549153 0.5758093374746817 2 0.14111992518107094 0.5722514964916088 2